% Divide the number after "alpha" by 100 in the BER variable names to get
% the
% actual Standard deviation used in the program
FSB_PhaseOffset_256_SNR = [0.00E+00	3.52E+00	6.02E+00	7.96E+00	9.54E+00	1.09E+01	1.20E+01	1.31E+01	1.40E+01	1.48E+01	1.56E+01	1.63E+01	1.69E+01	1.75E+01	1.81E+01	1.86E+01	1.91E+01	1.96E+01	2.00E+01	2.04E+01	2.08E+01	2.12E+01	2.16E+01	2.19E+01	2.23E+01	2.26E+01	2.29E+01	2.32E+01	2.35E+01	2.38E+01	2.41E+01	2.43E+01	2.46E+01	2.49E+01	2.51E+01	2.53E+01	2.56E+01	2.58E+01	2.60E+01	2.62E+01	2.64E+01	2.66E+01	2.68E+01	2.70E+01	2.72E+01	2.74E+01	2.76E+01	2.78E+01	2.80E+01	2.81E+01	2.83E+01	2.85E+01	2.86E+01	2.88E+01	2.89E+01	2.91E+01	2.92E+01	2.94E+01	2.95E+01	2.97E+01	2.98E+01	3.00E+01	3.01E+01	3.02E+01	3.04E+01	3.05E+01	3.06E+01	3.08E+01	3.09E+01	3.10E+01	3.11E+01	3.12E+01	3.14E+01	3.15E+01	3.16E+01	3.17E+01	3.18E+01	3.19E+01	3.20E+01	3.21E+01	3.23E+01	3.24E+01	3.25E+01	3.26E+01	3.27E+01	3.28E+01	3.29E+01	3.30E+01	3.31E+01	3.32E+01	3.33E+01	3.33E+01	3.34E+01	3.35E+01	3.36E+01	3.37E+01	3.38E+01	3.39E+01	3.40E+01	3.41E+01	3.42E+01	3.42E+01	3.43E+01	3.44E+01	3.45E+01	3.46E+01	3.46E+01	3.47E+01	3.48E+01	3.49E+01	3.50E+01	3.50E+01	3.51E+01	3.52E+01	3.53E+01	3.53E+01	3.54E+01	3.55E+01	3.56E+01];

FSB_PhaseOffset_32_f0_BER = [3.52E-01  2.94E-01  2.38E-01  1.97E-01  1.63E-01  1.34E-01  1.13E-01  9.62E-02  8.27E-02  6.87E-02  5.91E-02  5.52E-02  4.62E-02  4.27E-02  3.74E-02  3.26E-02  3.11E-02  2.75E-02  2.38E-02  2.28E-02  2.04E-02  1.92E-02  1.85E-02  1.70E-02  1.48E-02  1.33E-02  1.28E-02  1.30E-02  1.17E-02  1.03E-02  9.83E-03  9.28E-03  8.98E-03  8.59E-03  7.78E-03  7.34E-03  7.31E-03  7.31E-03  5.75E-03  6.38E-03  6.20E-03  5.56E-03  5.33E-03  4.66E-03  5.17E-03  4.83E-03  5.09E-03  3.58E-03  4.02E-03  4.44E-03  3.78E-03  3.67E-03  3.17E-03  3.69E-03  3.41E-03  3.30E-03  3.67E-03  3.20E-03  2.78E-03  2.80E-03  2.58E-03  2.86E-03  2.61E-03  2.56E-03  2.47E-03  2.06E-03  2.25E-03  2.11E-03  2.14E-03  1.91E-03  2.14E-03  1.55E-03  1.91E-03  1.83E-03  1.59E-03  1.67E-03  1.86E-03  1.64E-03  1.75E-03  1.36E-03  1.22E-03  1.63E-03  1.58E-03  1.59E-03  1.16E-03  1.34E-03  1.36E-03  1.41E-03  1.17E-03  1.34E-03  1.05E-03  1.00E-03  1.16E-03  1.06E-03  1.19E-03  1.31E-03  1.09E-03  1.17E-03  1.23E-03  1.06E-03  1.00E-03  9.06E-04  1.20E-03  1.13E-03  1.30E-03  9.38E-04  1.00E-03  8.28E-04  7.66E-04  1.09E-03  9.38E-04  8.44E-04  9.53E-04  9.69E-04  7.81E-04  7.19E-04  5.78E-04  6.09E-04  9.53E-04];
FSB_PhaseOffset_32_f10_BER = [3.66E-01  3.06E-01  2.56E-01  2.10E-01  1.81E-01  1.51E-01  1.26E-01  1.10E-01  9.41E-02  8.24E-02  7.48E-02  6.38E-02  5.54E-02  4.98E-02  4.55E-02  4.06E-02  3.90E-02  3.41E-02  3.30E-02  2.82E-02  2.64E-02  2.49E-02  2.23E-02  2.03E-02  1.95E-02  1.86E-02  1.86E-02  1.51E-02  1.54E-02  1.46E-02  1.33E-02  1.32E-02  1.23E-02  1.21E-02  1.18E-02  1.03E-02  9.84E-03  1.00E-02  9.42E-03  1.03E-02  8.59E-03  8.23E-03  8.14E-03  7.47E-03  7.59E-03  6.80E-03  7.80E-03  6.66E-03  6.41E-03  6.89E-03  6.72E-03  6.58E-03  6.11E-03  6.33E-03  4.94E-03  5.77E-03  5.31E-03  5.23E-03  4.72E-03  4.77E-03  4.73E-03  4.66E-03  4.11E-03  4.45E-03  4.81E-03  4.34E-03  4.06E-03  4.05E-03  3.98E-03  4.19E-03  4.55E-03  3.73E-03  4.22E-03  3.78E-03  3.78E-03  3.59E-03  3.92E-03  3.66E-03  3.64E-03  3.44E-03  3.17E-03  3.20E-03  3.84E-03  3.45E-03  3.22E-03  3.45E-03  3.28E-03  3.05E-03  3.44E-03  2.81E-03  2.97E-03  3.25E-03  3.16E-03  2.91E-03  3.33E-03  3.06E-03  3.20E-03  2.53E-03  2.77E-03  2.72E-03  3.09E-03  2.83E-03  2.91E-03  2.66E-03  2.86E-03  2.69E-03  2.59E-03  2.45E-03  2.52E-03  2.69E-03  2.20E-03  1.89E-03  2.36E-03  2.78E-03  2.47E-03  2.81E-03  2.59E-03  2.63E-03  2.83E-03];
FSB_PhaseOffset_32_f20_BER = [3.87E-01  3.38E-01  3.01E-01  2.60E-01  2.28E-01  1.98E-01  1.79E-01  1.58E-01  1.41E-01  1.26E-01  1.15E-01  1.03E-01  9.69E-02  8.75E-02  7.97E-02  7.50E-02  6.85E-02  6.40E-02  6.02E-02  5.36E-02  5.19E-02  4.86E-02  4.68E-02  4.56E-02  4.34E-02  3.99E-02  3.83E-02  3.73E-02  3.68E-02  3.38E-02  3.35E-02  3.37E-02  3.12E-02  3.00E-02  2.83E-02  2.63E-02  2.78E-02  2.66E-02  2.57E-02  2.40E-02  2.39E-02  2.33E-02  2.30E-02  2.24E-02  2.19E-02  2.03E-02  2.02E-02  2.16E-02  2.03E-02  2.05E-02  2.00E-02  1.93E-02  1.93E-02  1.92E-02  1.86E-02  1.77E-02  1.81E-02  1.80E-02  1.82E-02  1.76E-02  1.79E-02  1.64E-02  1.69E-02  1.61E-02  1.60E-02  1.74E-02  1.64E-02  1.69E-02  1.61E-02  1.60E-02  1.58E-02  1.63E-02  1.68E-02  1.51E-02  1.60E-02  1.45E-02  1.53E-02  1.41E-02  1.54E-02  1.47E-02  1.45E-02  1.48E-02  1.47E-02  1.50E-02  1.44E-02  1.50E-02  1.50E-02  1.40E-02  1.42E-02  1.43E-02  1.44E-02  1.48E-02  1.31E-02  1.33E-02  1.39E-02  1.36E-02  1.34E-02  1.37E-02  1.27E-02  1.35E-02  1.19E-02  1.25E-02  1.40E-02  1.32E-02  1.24E-02  1.37E-02  1.22E-02  1.29E-02  1.30E-02  1.35E-02  1.34E-02  1.27E-02  1.30E-02  1.24E-02  1.33E-02  1.32E-02  1.32E-02  1.35E-02  1.28E-02];

FSB_PhaseOffset_256_f0_BER = [4.42E-01  4.15E-01  3.95E-01  3.73E-01  3.49E-01  3.23E-01  3.01E-01  2.77E-01  2.63E-01  2.43E-01  2.24E-01  2.11E-01  2.03E-01  1.79E-01  1.65E-01  1.62E-01  1.51E-01  1.43E-01  1.35E-01  1.23E-01  1.16E-01  1.09E-01  1.11E-01  9.87E-02  9.49E-02  9.06E-02  8.84E-02  7.78E-02  7.34E-02  7.19E-02  6.48E-02  6.67E-02  6.32E-02  5.78E-02  5.77E-02  5.47E-02  4.98E-02  4.48E-02  4.47E-02  4.53E-02  4.33E-02  4.25E-02  3.96E-02  3.79E-02  3.56E-02  3.32E-02  3.61E-02  3.08E-02  2.93E-02  3.23E-02  2.89E-02  2.95E-02  2.53E-02  2.64E-02  2.65E-02  2.64E-02  2.41E-02  2.27E-02  2.31E-02  2.28E-02  2.17E-02  1.89E-02  1.86E-02  2.14E-02  2.05E-02  1.90E-02  2.06E-02  1.75E-02  1.45E-02  1.67E-02  1.67E-02  1.64E-02  1.48E-02  1.38E-02  1.22E-02  1.27E-02  1.29E-02  1.44E-02  1.45E-02  1.09E-02  1.41E-02  1.21E-02  1.00E-02  1.15E-02  1.18E-02  1.02E-02  1.01E-02  9.69E-03  9.61E-03  8.92E-03  9.45E-03  1.10E-02  1.10E-02  1.07E-02  9.22E-03  7.80E-03  8.39E-03  1.03E-02  6.95E-03  8.83E-03  9.50E-03  7.58E-03  8.53E-03  8.56E-03  8.19E-03  6.97E-03  7.27E-03  7.83E-03  7.44E-03  6.64E-03  6.72E-03  5.56E-03  5.92E-03  7.19E-03  6.36E-03  5.53E-03  5.14E-03  6.20E-03  5.17E-03];
FSB_PhaseOffset_256_f10_BER = [4.49E-01  4.26E-01  3.99E-01  3.76E-01  3.55E-01  3.39E-01  3.17E-01  2.93E-01  2.71E-01  2.61E-01  2.38E-01  2.27E-01  2.20E-01  2.01E-01  1.86E-01  1.77E-01  1.72E-01  1.57E-01  1.51E-01  1.43E-01  1.36E-01  1.17E-01  1.18E-01  1.15E-01  1.07E-01  9.77E-02  9.37E-02  9.06E-02  8.86E-02  8.16E-02  7.54E-02  7.58E-02  6.99E-02  6.71E-02  6.63E-02  6.47E-02  6.20E-02  5.76E-02  5.69E-02  5.83E-02  5.04E-02  4.55E-02  4.53E-02  4.55E-02  4.63E-02  4.20E-02  3.78E-02  3.68E-02  4.10E-02  3.48E-02  3.46E-02  3.25E-02  3.15E-02  3.31E-02  3.10E-02  2.98E-02  2.78E-02  2.40E-02  2.61E-02  2.51E-02  2.48E-02  2.28E-02  2.45E-02  2.44E-02  2.59E-02  2.31E-02  2.01E-02  2.37E-02  2.20E-02  2.13E-02  1.83E-02  1.80E-02  1.98E-02  1.65E-02  1.76E-02  1.81E-02  1.81E-02  1.64E-02  1.87E-02  1.59E-02  1.63E-02  1.61E-02  1.44E-02  1.45E-02  1.52E-02  1.45E-02  1.39E-02  1.27E-02  1.37E-02  1.39E-02  1.22E-02  1.15E-02  1.29E-02  8.42E-03  8.80E-03  9.94E-03  1.08E-02  1.12E-02  1.06E-02  1.01E-02  9.84E-03  8.45E-03  1.05E-02  1.00E-02  9.11E-03  8.84E-03  8.58E-03  7.89E-03  8.53E-03  7.02E-03  9.22E-03  1.05E-02  8.30E-03  7.61E-03  7.34E-03  8.06E-03  8.44E-03  7.27E-03  6.84E-03];
